11110010001100000000010111111010
10111010110001011101010011100001
00011100110110000111101101000010
00011001011111111111011000111110
01111011110101101101000001000001
00001110101101011001000000001111
11101001010011101110001111101110
00111110101100100101100010101011
00011001111010000100011010111010
11001100010111100000001110010111
11101111111000011011110111000111
00101000110011001100011101010000
10000111110110110101010011000111
11101010001010100010000010111000
11000011011011111110100111110100
10111010001110101110100011100010
00101010110100011010011011010001
10111101101100111000011110010001
10100001011010000101111001001000
11000101011110100000101110011111
11001111001001110010011010001111
01010111010100010011111101010001
00000100110100000001100000100101
10001010000110000110000001100010
11110111101111011110000000011000
00010011001100010101101010011011
01011011110010010011100001000010
11000100111000000011000000001011
11111010111111001100001110001110
10001111111011001001001101101100
01010000010011001010001001000011
01001010110000110000111100010101
01111010011011111011010000110110
10100011100011010010010001111100
01011011000110010111001011100010
01011111101111111010011001010011
01111101101111111010100000010100
10001001001001011000010010010111
11011110000010011101000001000010
11110101011110100100111000100111
00000110010110100101011001001001
01001000100101011010011101011011
10111011111001000001011100100001
00110011001101001111101100011101
11110011000111110101011000110101
01101000010111111111001000111011
01010010101100001110101000100010
00010000011110000111001101011101
;