11101011011101111001010101111101
00110111011101111010100010111010
10010001101010010101011101100000
00011100111001010100000101111100
10110110001001100100011000101001
10011001101110110010101010010000
10100111111110011001001011010111
11011100110011101011010011101000
01001100010010100101111110010110
00001101010110110101111111101110
01010111010100010110111100110011
01100001001111101100111011010011
11011000001110011010010011010101
01000100001001111000110011100101
10111100000011111111011001010101
11111111000101111011110100110111
11010101011010101111101101110000
10001101010100101001000000100001
10101010110000110100000110001100
10001100001011110011100110100101
00001100011001011111010111000001
00111010000001011001001000010001
11000010010100110110000111110000
11101110001010011010101100101101
11101001000010101110011100011010
10101111001111011100101011010111
11011000000010001100000111000000
10100000010110111011011111001111
01101000101110110110011010010000
11101001001110010010011000110011
11111011100110001000111011101110
10010110011100110011010000101001
00001100000100100000001100001000
11010101111011101010101010011100
10000001011011101010000110001000
00101111000010110101111100011000
10111110100011100010100101101100
01010011010010011100111001101110
11011010010010111110010001101011
11000010101101101110101011010100
10100100111000010101001000101111
11010011110001001111100001000101
01111010001100000101001010010010
11111110101110011010111100010110
10010111110010100001110100101110
00110110010000111100000010010110
11111111111111111111111111111111
10110011000101100101100001010110
;